  98.06
  96.12
  94.18
  92.25
  90.33
  88.41
  86.51
  84.62
  82.75
  80.88
  79.05
  77.22
  75.44
  73.65
  71.92
  70.18
  68.50
  66.82
  65.19
  63.57
  62.01
  60.45
  58.96
  57.47
  56.05
  54.63
  53.28
  51.93
  50.65
  49.38
  48.17
  46.97
  45.85
  44.72
  43.66
  42.61
  41.63
  40.65
  39.74
  38.84
  38.00
  37.16
  36.39
  35.62
  34.91
  34.21
  33.56
  32.92
  32.33
  31.75
  31.22
  30.69
  30.21
  29.74
  29.31
  28.88
  28.50
  28.12
  27.78
  27.44
  27.13
  26.83
  26.56
  26.30
  26.06
  25.83
  25.62
  25.42
  25.24
  25.06
  24.90
  24.75
  24.61
  24.48
  24.36
  24.24
  24.14
  24.04
  23.96
  23.87
  23.80
  23.73
  23.67
  23.60
  23.55
  23.50
  23.46
  23.41
  23.37
  23.34
  23.31
  23.28
  23.25
  23.22
  23.20
  23.18
  23.17
  23.15
  23.13
  23.12
  23.11
  23.10
  23.09
  23.08
  23.07
  23.06
  23.05
  23.05
  23.04
  23.04
  23.03
  23.03
  23.03
  23.02
  23.02
  23.02
  23.02
  23.01
  23.01
  23.01
  23.01
  23.01
  23.01
  23.01
  23.01
  23.01
  23.00
  23.00
  23.00
  23.00
  23.00
  23.00
  23.00
  23.00
  23.00
  23.00
  23.00
  23.00
  23.00
  23.00
  23.00
  23.00
  23.00
  23.00
  23.00
  23.00
  23.00
  23.00
  23.00
  23.00
  23.00
  23.00
  23.00
  23.00
  23.00
  23.00
  23.00
  23.00
  23.00
  23.00
  23.00
  23.00
  23.00
  23.00
  23.00
  23.00
  23.00
  23.00
  23.00
  23.00
  23.00
  23.00
  23.00
  23.00
  23.00
  23.00
  23.00
  23.00
  23.00
  23.00
  23.00
  23.00
  23.00
  23.00
  23.00
  23.00
  23.00
  23.00
  23.00
  23.00
  23.00
  23.00
  23.00
  23.00
  23.00
  23.00
  23.00
  23.00
  23.00
  23.00
  23.00
  23.00
  23.00
  23.00
  23.00
  23.00
  23.00
  23.00
  23.00
  23.00
  23.00
  23.00
  23.00
  23.00
  23.00
  23.00
  23.00
  23.00
  23.00
  23.00
  23.00
  23.00
  23.00
  23.00
  23.00
  23.00
  23.00
  23.00
  23.00
  23.00
  23.00
  23.00
  23.00
  23.00
  23.00
  23.00
  23.00
  23.00
  23.00
  23.00
  23.00
  23.00
  23.00
  23.00
  23.00
  23.00
  23.00
  23.00
  23.00
  23.00
  23.00
  23.00
  23.00
  23.00
  23.00
  23.00
  23.00
  23.00
  23.00
  23.00
  23.00
  23.00
  23.00
  23.00
  23.00
  23.00
  23.00
  23.00
  23.00
  23.00
  23.00
  23.00
  23.00
  23.00
  23.00
  23.00
  23.00
  23.00
  23.00
  23.00
  23.00
  23.00
  23.00
  23.00
  23.00
  23.00
  23.00
  23.00
  23.00
  23.00
  23.00
  23.00
  23.00
  23.00
  23.00
  23.00
  23.00
  23.00
  23.00
  23.00
  23.00
  23.00
  23.00
  23.00
  23.00
  23.00
  23.00
  23.00
  23.00
  23.00
  23.00
  23.00
  23.00
  23.00
  23.00
  23.00
  23.00
  23.00
  23.00
  23.00
  23.00
  23.00
  23.00
  23.00
  23.00
  23.00
  23.00
  23.00
  23.00
  23.00
  23.00
  23.00
  23.00
  23.00
  23.00
  23.00
  23.00
  23.00
  23.00
  23.00
  23.00
  23.00
  23.00
  23.00
  23.00
  23.00
  23.00
  23.00
  23.00
  23.00
  23.00
  23.00
  23.00
  23.00
  23.00
  23.00
  23.00
  23.00
  23.00
  23.00
  23.00
  23.00
  23.00
  23.00
  23.00
  23.00
  23.00
  23.00
  23.00
  23.00
  23.00
  23.00
  23.00
  23.00
  23.00
  23.00
  23.00
  23.00
  23.00
  23.00
  23.00
  23.00
  23.00
  23.00
  23.00
  23.00
  23.00
  23.00
  23.00
  23.00
  23.00
  23.00
  23.00
  23.00
  23.00
  23.00
  23.00
  23.00
  23.00
  23.00
  23.00
  23.00
  23.00
  23.00
  23.00
  23.00
  23.00
  23.00
  23.00
  23.00
  23.00
  23.00
  23.00
  23.00
  23.00
  23.00
  23.00
  23.00
  23.00
  23.00
  23.00
  23.00
  23.00
  23.00
  23.00
  23.00
  23.00
  23.00
  23.00
  23.00
  23.00
  23.00
  23.00
  23.00
  23.00
  23.00
  23.00
  23.00
  23.00
  23.00
  23.00
  23.00
  23.00
  23.00
  23.00
  23.00
  23.00
  23.00
  23.00
  23.00
  23.00
  23.00
  23.00
  23.00
  23.00
  23.00
  23.00
  23.00
  23.00
  23.00
  23.00
  23.00
  23.00
  23.00
  23.00
  23.00
  23.00
  23.00
  23.00
  23.00
  23.00
  23.00
  23.00
  23.00
  23.00
  23.00
  23.00
  23.00
  23.00
  23.00
  23.00
  23.00
  23.00
  23.00
  23.00
  23.00
  23.00
  23.00
  23.00
  23.00
  23.00
  23.00
  23.00
  23.00
  23.00
  23.00
  23.00
  23.00
  23.00
  23.00
  23.00
  23.00
  23.00
  23.00
  23.00
  23.00
  23.00
  23.00
  23.00
  23.00
  23.00
  23.00
  23.00
  23.00
  23.00
  23.00
  23.00
  23.00
  23.00
  23.00
  23.00
  23.00
  23.00
  23.00
  23.00
  23.00
  23.00
  23.00
  23.00
  23.00
  23.00
  23.00
  23.00
  23.00
  23.00
  23.00
  23.00
  23.00
  23.00
  23.00
  23.00
  23.00
  23.00
  23.00
  23.00
  23.00
  23.00
  23.00
  23.00
  23.00
  23.00
  23.00
  23.00
  23.00
  23.00
  23.00
  23.00
  23.00
  23.00
  23.00
  23.00
  23.00
  23.00
  23.00
  23.00
  23.00
  23.00
  23.00
  23.00
  23.00
  23.00
  23.00
  23.00
  23.00
  23.00
  23.00
  23.00
  23.00
  23.00
  23.00
  23.00
  23.00
  23.00
  23.00
  23.00
  23.00
  23.00
  23.00
  23.00
  23.00
  23.00
  23.00
  23.00
  23.00
  23.00
  23.00
  23.00
  23.00
  23.00
  23.00
  23.00
  23.00
  23.00
  23.00
  23.00
  23.00
  23.00
  23.00
  23.00
  23.00
  23.00
  23.00
  23.00
  23.00
  23.00
  23.00
  23.00
  23.00
  23.00
  23.00
  23.00
  23.00
  23.00
  23.00
  23.00
  23.00
  23.00
  23.00
  23.00
  23.00
  23.00
  23.00
  23.00
  23.00
  23.00
  23.00
  23.00
  23.00
  23.00
  23.00
  23.00
  23.00
  23.00
  23.00
  23.00
  23.00
  23.00
  23.00
  23.00
  23.00
  23.00
  23.00
  23.00
  23.00
  23.00
  23.00
  23.00
  23.00
  23.00
  23.00
  23.00
  23.00
  23.00
  23.00
  23.00
  23.00
  23.00
  23.00
  23.00
  23.00
  23.00
  23.00
  23.00
  23.00
  23.00
  23.00
  23.00
  23.00
  23.00
  23.00
  23.00
  23.00
  23.00
  23.00
  23.00
  23.00
  23.00
  23.00
  23.00
  23.00
  23.00
  23.00
  23.00
  23.00
  23.00
  23.00
  23.00
  23.00
  23.00
  23.00
  23.00
  23.00
  23.00
  23.00
  23.00
  23.00
  23.00
  23.00
  23.00
  23.00
  23.00
  23.00
  23.00
  23.00
  23.00
  23.00
  23.00
  23.00
  23.00
  23.00
  23.00
  23.00
  23.00
  23.00
  23.00
  23.00
  23.00
  23.00
  23.00
  23.00
  23.00
  23.00
  23.00
  23.00
  23.00
  23.00
  23.00
  23.00
  23.00
  23.00
  23.00
  23.00
  23.00
  23.00
  23.00
  23.00
  23.00
  23.00
  23.00
  23.00
  23.00
  23.00
  23.00
  23.00
  23.00
  23.00
  23.00
  23.00
  23.00
  23.00
  23.00
  23.00
  23.00
  23.00
  23.00
  23.00
  23.00
  23.00
  23.00
  23.00
  23.00
  23.00
  23.00
  23.00
  23.00
  23.00
  23.00
  23.00
  23.00
  23.00
  23.00
  23.00
  23.00
  23.00
  23.00
  23.00
  23.00
  23.00
  23.00
  23.00
  23.00
  23.00
  23.00
  23.00
  23.00
  23.00
  23.00
  23.00
  23.00
  23.00
  23.00
  23.00
  23.00
  23.00
  23.00
  23.00
  23.00
  23.00
  23.00
  23.00
  23.00
  23.00
  23.00
  23.00
  23.00
  23.00
  23.00
  23.00
  23.00
  23.00
  23.00
  23.00
  23.00
  23.00
  23.00
  23.00
  23.00
  23.00
  23.00
  23.00
  23.00
  23.00
  23.00
  23.00
  23.00
  23.00
  23.00
  23.00
  23.00
  23.00
  23.00
  23.00
  23.00
  23.00
  23.00
  23.00
  23.00
  23.00
  23.00
  23.00
  23.00
  23.00
  23.00
  23.00
  23.00
  23.00
  23.00
  23.00
  23.00
  23.00
  23.00
  23.00
  23.00
  23.00
  23.00
  23.00
  23.00
  23.00
  23.00
  23.00
  23.00
  23.00
  23.00
  23.00
  23.00
  23.00
  23.00
  23.00
  23.00
  23.00
  23.00
  23.00
  23.00
  23.00
  23.00
  23.00
  23.00
  23.00
  23.00
  23.00
  23.00
  23.00
  23.00
  23.00
  23.00
  23.00
  23.00
  23.00
  23.00
  23.00
  23.00
  23.00
  23.00
  23.00
  23.00
  23.00
  23.00
  23.00
  23.00
  23.00
  23.00
  23.00
  23.00
  23.00
  23.00
  23.00
  23.00
  23.00
  23.00
  23.00
  23.00
  23.00
  23.00
  23.00
  23.00
  23.00
  23.00
  23.00
  23.00
  23.00
  23.00
  23.00
  23.00
  23.00
  23.00
  23.00
  23.00
  23.00
  23.00
  23.00
  23.00
  23.00
  23.00
  23.00
  23.00
  23.00
  23.00
  23.00
  23.00
  23.00
  23.00
  23.00
  23.00
  23.00
  23.00
  23.00
  23.00
  23.00
  23.00
  23.00
  23.00
  23.00
  23.00
  23.00
  23.00
  23.00
  23.00
  23.00
  23.00
  23.00
  23.00
  23.00
  23.00
  23.00
  23.00
  23.00
  23.00
  23.00
  23.00
  23.00
  23.00
  23.00
  23.00
  23.00
  23.00
  23.00
  23.00
  23.00
  23.00
  23.00
  23.00
  23.00
  23.00
  23.00
  23.00
  23.00
  23.00
  23.00
  23.00
  23.00
